158, 45, 0.004126, -0.
145, 78, 0.000000, 0.000000
-0.869565
209, 6, 0.000000, 0.000000
160, 25, -1.042553, 0.404255
145, 78, -0.306122, 1.081633
145, 78, 0.000000, 0.000000

Starting...
error: no response

178, 197, 0.000000, 0.000000

178, 197, 0.000000, 0.000000

195, 50, 0.346939, -3.000000

186, 32, -0.180000, -0.360000

1
83, 18, -0.062500, -0.291667

187, 106
, 0.081633, 1.795918

187, 106, 0.000
000, 0.000000

157, 21, -0.019268, -0.054592

157, 21, 0.000000, 0.000000

164, 15, 0.003924, -0.003363
164, 15, 0.000000, 0.000000

162, 20, -0.041667, 0.104167
162, 20, 0.000000, 0.000000

158, 19, -0.085106, -0.021277
158, 19, 0.000000, 0.000000

166, 8, 0.173913, -0.239130
166, 8, 0.000000, 0.000000

166, 8, 0.000000, 0.000000

155, 44, -0.018803, 0.061538

180, 51, 0.510204, 0.142857

182, 57, 0.041667, 0
.125000

126, 97, -1.166667, 0.833333
126, 97, 0.000000, 0.000000

170, 68, 0.936170, -0.61702
1
170, 68, 0.000000, 0.000000

158, 68, -0.260870, 0.000000
158, 68,
 0.000000, 0.000000

206, 38, 1.000000, -0.625000
206, 38, 0
.000000, 0.000000

127, 152, -1.680851, 2.425532
127, 152, 0.000000, 0.000000

154, 19, 0.586956, -2.891304
154, 19, 0.000000, 0.000000

130, 87, -0.510638, 1.446808
130, 87, 0.000000, 0.000000

130, 87, 0.000000, 0.000000

257, 8, 0.289954, -0.180365

229, 20, -0.583333, 0.250000

224, 40, -0.100000, 0.400000
224, 40, 0.000000, 0.000000

228, 45, 0.064516, 0.080645
228, 45, 0.000000, 0.000000

229, 41, 0.015625, -0.062500
229, 41, 0.000000, 0.000000

195, 41, -0.548387, 0.000000
195, 41, 0.000000, 0.000000

214, 12, 0.413043, -0.630435
214, 12, 0.000000, 0.000000

214, 12, 0.000000, 0.000000

230, 21, 0.029851, 0.016791

227, 24, -0.061224, 0.061224

229, 22, 0.041667, -0.041667

227, 30, -0.041667, 0.166667

227, 23, 0.000000, -0.140000

230, 10, 0.062500, -0.270833

294, 34, 1.306122, 0.489796

292, 23, -0.040816, -0.224490

300, 15, 0.166667, -0.166667

298, 10, -0.030769, -0.076923

217, 25, -1.653061, 0.306122

217, 25, 0.000000, 0.000000

202, 25, -0.061728, 0.000000

2
11, 44, 0.187500, 0.395833
211, 44, 0.000000, 0.000000

2
07, 69, -0.085106, 0.531915
207, 69, 0.000000, 0.000000

203, 93, -0.085106, 0.510638
203, 93, 0.000000, 0.000000


204, 107, 0.021277, 0.297872
204, 107, 0.000000, 0.00000
0

203, 107, -0.021739, 0.000000
203, 107, 0.000000, 0.000000

210, 182, 0.152174, 1.630435
210, 182, 0.000000, 0.000000

211, 163, 0.021277, -0.404255
211, 163, 0.000000, 0.000000

211, 163, 0.000000, 0.000000
211, 163, 0.000000, 0.000000

212, 42, 0.021277, -2.574468
212, 42, 0.000000, 0.000000

217, 30, 0.108696, -0.260870
217, 30, 0.000000, 0.000000

193, 100, -0.510638, 1.489362
193, 100, 0.000000, 0.000000

195, 73, 0.043478, -0.586956
195, 73, 0.000000, 0.000000

200, 4
4, 0.106383, -0.617021

211, 22, 0.220
000, -0.440000

217, 19, 0.125000, -0.
062500

219, 25, 0.040816, 0.1
22449

222, 25, 0.062500, 0.000000

225, 48, 0.061224, 0.469388

227, 78, 0.041667, 0.625000

237, 102, 0.208333, 0.500000

234, 59, -0.060000, -0.860000

230, 171, -0.081633, 2.285714

227, 173, -0.062500, 0.041667

219, 173, -0.163265, 0.000000

218, 159, -0.020833, -0.291667

222, 115, 0.081633, -0.897959
222, 115, 0.000000, 0.000000

218, 109, -0.086957, -0.130435
21
8, 109, 0.000000, 0.000000

216, 84, -0.041667, -0.520833

215, 66, -0.020833, -0.375000

209, 62, -0.122449, -0.081633

211, 44, 0.040816, -0.367347

212, 43, 0.020833, -0.020833

213, 46, 0.020833, 0.062500

213, 55, 0.000000, 0.183673

213, 73, 0.000000, 0.367347

214, 97, 0.020408, 0.489796

216, 131, 0.041667, 0.708333

219, 145, 0.061224, 0.285714

222, 183, 0.061224, 0.775510

226,
 187, 0.083333, 0.083333

230, 180, 0.081633, -0.142857

234, 163, 0.081633, -0.346939

234, 141, 0.000000, -0.448980

235, 107, 0.015625, -0.531250

235, 84, 0.000000, -0.469388

235, 60, 0.000000, -0.500000

233, 41, -0.040000, -0.380000

231, 26, -0.040816, -0.306122

224, 10, -0.145833, -0.333333

227, 16, 0.062500, 0.125000

230, 17, 0.061224, 0.020408

228, 23, -0.0
40816, 0.122449

231, 31, 0.062500, 
0.166667

234, 37, 0.060000, 0.1
20000

230, 89, -0.083333, 1.0833
33
230, 89, 0.000000, 0.000000

234, 104, 0.085106, 0.319149
234, 104, 0.000000, 0.000000

237, 113, 0.065217, 0.195652
237, 113, 0.000000, 0.000000

240, 147, 0.063830, 0.723404
240, 147, 0.000000, 0.000000

239, 133, -0.015625, -0.218750
239, 133, 0.000000, 0.000000

239, 156, 0.000000, 0.489362
239, 156, 0.000000, 0.000000

238, 141, -0.021277, -0.319149
238, 141, 0.000000, 0.000000

235, 122, -0.063830, -0.404255
235, 122, 0.000000, 0.000000

238, 88, 0.065217, -0.739130
238, 88, 0.000000, 0.000000

229, 77, -0.195652, -0.239130
229, 77, 0.000000, 0.000000

236, 51, 0.145833, -0.541667
236, 51
, 0.000000, 0.000000

237, 37, 0.021277, -0.297872

237, 30, 0.000000, -0.145833

236, 28, -0.020408, -0.040816

235, 29, -0.020833, 0.020833

231, 58, -0.041237, 0.298969

232, 81, 0.020000, 0.460000

234, 97, 0.041667, 0.333333

235, 116, 0.020408, 0.387755

239, 124, 0.081633, 0.163265

240, 164, 0.020833, 0.833333
240, 164, 0.000000, 0.000000

242, 144, 0.042553, -0.425532
242, 144, 0.000000, 0.000000

24
3, 166, 0.021739, 0.478261
243, 166, 0.000000, 0.000000

236, 155
, -0.145833, -0.229167
236, 155, 0.000000, 0.000000

234, 142, -0.043478, -0.282609
234, 142, 0.000000, 0.000000

240, 105, 0.127660, -0.787234
240, 105, 0.000000, 0.000000

233, 107, -0.152174, 0.043478
233, 107, 0.000000, 0.000000

238, 83, 0.106383, -0.510638
238, 83, 0.000000, 0.000000

238, 69, 0.000000, -0.297872

237, 55, -0.020408, -0.285714

235, 61, -0.041667, 0.125000

235, 45, 0.000000, -0.320000

237, 54, 0.041667, 0.187500

235, 61, -0
.040816, 0.142857

238, 74, 0.062500, 0.270833

240, 85, 0.040816, 
0.224490

239, 83, -0.020408, -0
.040816

247, 112, 0.166667, 0.604167

246, 109, -0.020408, -0.061224

248, 111, 0.040816, 0.040816
248, 111, 0.000000, 0.000000

245, 143, -0.063830, 0.680851
245, 143, 0.000000, 0.000000

234, 120, -0.239130, -0.500000
234, 120, 0.000000, 0.000000

243, 109, 0.191489, -0.234043
243, 109, 0.000000, 0.000000

234, 122, -0.113924, 0.164557
234, 122, 0.000000, 0.000000

239, 103, 0.108696, -0.413043
239, 103, 0.000000, 0.000000

241, 92, 0.042553, -0.234043

240, 82, -0.020000, -0.200000

237, 74, -0.062500, -0.166667

241, 71, 0.083333, -0.062500

243, 63, 0.040816, -0.163265

244, 
55, 0.020833, -0.166667

246, 48
, 0.030303, -0.106061

247, 44, 0.0156
25, -0.062500

248, 39, 0.020408, 
-0.102041

247, 40, -0.020833, 0.020833

248, 44, 0.020000, 0.080000

248, 41, 0.000000, -0.062500

249, 41, 0.020408, 0.000000

248, 42, -0.020408, 0.020408

250, 39, 0.041667, -0.062500

254, 43, 0.061538, 0.061538

255, 44, 0.020408, 0.020408

254, 46, -0.020833, 0.0
41667

250, 47, -0.061538, 0.0153
85

249, 48, -0.020408, 0.020408

246, 47, -0.061224, -0.020408

243, 44, -0.046875, -0.046875

244, 46, 0.020833, 0.041667

247, 49, 0.061224, 0.061224

250, 48, 0.060000, -0.020000

252, 46, 0.040816, -0.040816

254, 46, 0.041667, 0.000000

257, 44, 0.062500, -0.041667

256, 44, -0.020408, 0.000000

261, 43, 0.104167, -0.020833

256, 38, -0.102041, -0.102041

256, 38, 0.000000, 0.000000

259, 38, 0.062500, 0.000000

262, 48, 0.061224, 0.204082

266, 33, 0.083333, -0.312500

266, 43, 0.000000, 0.208333

270, 27, 0.081633, -0.326531

269, 26, -0.020833, -0.020833

272, 25, 0.058824, -0.019608

276, 27, 0.083333, 0.041667

274, 17, -0.041667, -0.208333

278, 18, 0.081633, 0.020408

281, 10, 0.061224, -0.163265

281, 1
2, 0.000000, 0.041667

278, 12, -0.06
2500, 0.000000

280, 14, 0.040000, 0.040000

279, 12, -0.020408, -0.040816

280, 15, 0.020833, 0.062500

283, 14, 0.062500, -0.020833

286, 14, 0.061224, 0.000000

287, 13, 0.020408, -0.020408

291, 12, 0.083333, -0.020833

289, 10, -0.040000, -0.040000

293, 6, 0.083333, -0.083333

294, 8, 0.020408,
 0.040816

291, 10, -0.046875, 0.031250

292, 6, 0.020408, -0.081633

292, 5, 0.000000, -0.020408

293, 7, 0.020833, 0.041667

292, 5, -0.020408, -0.040816

290, 7, -0.040816, 0.040816

290, 4, 0.000000, -0.062500

278, 8, -0.250000, 0.083333

274, 7, -0.080000, -0.020000

270, 2, -0.081633, -0.102041

263, 6, -0.145833, 0.083333

263, 6, 0.000000, 0.000000

244, 10, -0.007095, 0.001494

245, 21, 0.020833, 0.229167

248, 21, 0.061224, 0.000000

250, 24, 0.040816, 0.061224

254, 29, 0.081633, 0.102041

254, 34, 0.000000, 0.104167

254, 36, 0.000000, 0.040816

254, 41, 0.000000, 0.104167

257, 43, 0.061224, 0.040816

256, 46, -0.020408, 0.061224

260, 44, 0.083333, -0.041667

261, 49, 0.020000, 0.100000

260, 54, -0.015625, 0.078125

259, 52, -0.020408, -0.040816

260, 59, 0.020833, 0.145833

260, 60, 0.000000, 0.020408

260, 60, 0.000000, 0.000000

259, 62
, -0.015385, 0.030769

258, 65, -0.020
833, 0.062500

258, 65, 0.000000,
 0.000000

258, 64, 0.000000, -0.02040
8

258, 65, 0.000000, 0.020408

255, 68, -0.062500, 0.062500

256, 69, 0.020408, 0.020408

256, 76, 0.000000, 0.145833

254, 76, -0.041667, 0.000000

262, 88, 0.163265, 0.244898

260, 80, -0.040000, -0.160000

261, 81, 0.020833, 0.020833

259, 84, -0.040816, 0.061224

257, 86, -0.041667, 0.041667

255, 83, -0.040816, -0.06122
4

255, 88, 0.000000, 0.104167

255, 96, 0.000000, 0.163265

255, 89, 0.000000, -0.142857

257, 89, 0.040816, 0.000000

258, 100, 0.020833, 0.229167

257, 106, -0.015385, 0.092308

261, 116, 0.081633, 0.204082

253, 107, -0.163265, -0.183673

258, 106, 0.102041, -0.020408

256, 98, -0.041667, -0.166667

254, 96, -0.040816, -0.040816
254, 96, 0.000000, 0.000000

253, 97, -0.021739, 0.021739
253, 97, 0.000000, 0.000000

250, 116, -0.063830, 0.404255
250, 116, 0.000000,
 0.000000

242, 91, -0.170213, -0.531915
242, 91, 0.000000, 0
.000000

250, 90, 0.170213, -0.021277
250, 90, 0.000000, 0.000000


252, 110, 0.043478, 0.434783
252, 110, 0.000000, 0.000000

250, 111, -0.042553, 0.021277

249, 109, -0.020833, -0.041667

257, 122, 0.163265, 0.265306

251, 115, -0.125000, -0.145833

248, 110, -0.060000, -0.100000

231, 101, -0.346939, -0.183673

231, 82, 0.000000, -0.395833

228, 76
, -0.061224, -0.122449

219, 50, -0.1
87500, -0.541667

215, 47, -0.083333, 
-0.062500

209, 50, -0.122449, 0.061
224
209, 50, 0.000000, 0.000000

208, 61, -0.021739, 0.239130
20
8, 61, 0.000000, 0.000000

207, 80, -0.021277, 0.404255

208, 90, 0.020408, 0.204082

209, 132, 0.020833, 0.875000

211, 160, 0.040816, 0.571429

213, 187, 0.041667, 0.562500

207, 195, -0.122449, 0.163265

206, 197, -0.020833, 0.041667

207, 191, 0.020000, -0.120000

213, 175, 0.125000, -0.333333

215, 155, 0.040816, -0.408163

215, 113, 0.000000, -0.875000

215, 79, 0.000000, -0.693878

218, 48, 0.062500, -0.645833

218, 25, 0.000000, -0.469388

222, 17, 0.080000, -0.160000

225, 24, 0.062500, 0.145833

228, 30, 0.061224, 0.122449

226, 13, -0.041667, -0.354167

222, 12, -0.083333, -0.020833

217, 90, -0.102041, 1.591837
217, 90, 0.000000, 0.000000

241, 120, 0.510638, 0.638298
241, 120, 0.000000, 0.000000

215, 145, -0.565217, 0.543478
215, 145, 0.000000, 0.000000

219
, 185, 0.085106, 0.851064
219, 185, 0.000000, 0.000000

24
5, 196, 0.541667, 0.229167
245, 196, 0.000000, 0.000000

225, 115, -0.434783, -1.760870

225, 112, 0.000000, -0.062500

218, 89, -0.142857, -0.469388

230, 178, 0.250000, 1.854167
230, 178, 0.000000, 0.000000

182, 163, -1.000000, -0.312500
182, 163, 0.000000, 0.000000

185, 107, 0.063830, -1.191489
185, 107, 0.000000, 0.000000

190, 89, 0.108696, -0.391304
190, 89, 0.000000, 0.000000

207, 44, 0.369565, -0.978261
207, 44, 0.000000, 0.000000

189, 5, -0.382979, -0.829787
189, 5, 0.000000, 0.000000

204, 1
9, 0.319149, 0.297872
204, 19, 0.000000, 0.000000

180, 54, -0.52
1739, 0.760870
180, 54, 0.000000, 0.000000

180, 54, 0.000
000, 0.000000
180, 54, 0.000000, 0.000000

173, 8, -0.152174, -1.000000
173, 8, 0.000000, 0.000000

198, 47, 0.403226, 0.629032

198, 47, 0.000000, 0.000000

167, 119, -0.659574, 1.531915
167, 119, 0.000000, 0.000000

161, 163, -0.125000, 0.916667
161, 163, 0.000000, 0.000000

201, 37, 0.869565, -2.739130
201, 37, 0.000000, 0.000000

198, 203, -0.063830, 3.531915
198, 203, 0.000000, 0.000000

162, 126, -0.782609, -1.673913
162, 126, 0.000000, 0.000000

248, 37, 1.829787, -1.893617

213, 69, -0.729167, 0.666667

175, 184, -0.775510, 2.346939
175, 184, 0.000000, 0.000000

212, 149, 0.804348, -0.760870
212, 149, 0.000000, 0.000000

211, 108, -0.021277, -0.872340
211, 108, 0.000000, 0.000000

177, 95, -0.723404, -0.276596
177, 95, 0.000000, 0.000000

212, 22, 0.564516, -1.177419
212, 22, 0.00
0000, 0.000000

171, 32, -0.891304, 0.217391

171, 32, 0.000000, 0.000000

200, 34,
 0.059548, 0.004107

200, 33, 0.000000, -0.020408

200, 31, 0.000000, -0.041667

201, 20, 0.020833, -0.229167

178, 131, -0.460000, 2.220000

178, 131, 0.000000, 0.000000

186, 24, 0.033058, -0.442149

186, 24, 0.0
00000, 0.000000

187, 25, 0.002571, 0.002571

176, 38, -0.224490, 0.265306

176, 38, 0.000000, 0.000000

176, 32, 0.000000, -0.122449

178, 18, 0.041667, -0.291667

178, 18, 0.000000, 0.000000

